'M'
(189.73223526391007, -10.083595676160556)
'C'
(190.955648252908, -9.967758155942402)
(192.71140017778748, -9.720310406639605)
(194.97619772006797, -9.19905479510701)
(198.71544783689228, -8.336979012608113)
(203.78996530127668, -6.74114422655958)
(209.97180360091681, -3.8008441967252864)
'A'
210, (210, 0), 0, 1                   
(209.97180360091681, 3.8008441967252864)
'C'
(203.78996530127668, 6.74114422655958)
(198.71544783689228, 8.336979012608113)
(194.97619772006797, 9.19905479510701)
(192.71140017778748, 9.720310406639605)
(190.955648252908, 9.967758155942402)
(189.73311714087825, 10.083467948964318)
'A'
3.75, 3.75, 0, 0, 0
(187.00469730792136, 13.61958827471329)
'A'
187.5, 187.5, 0, 0, 1
(186.83293217337985, 15.802071240734415)
'A',
3.75, 3.75, 0, 0, 0
(188.97373850049976, 19.72121084377767)
'C'
(190.16396826495875, 20.027006168357758)
(191.85939461385212, 20.546067538362518)
(194.01476639743174, 21.415198020294127)
(197.57312177652878, 22.85160781105475)
(202.33551994919958, 25.221624647629305)
(207.9812852989737, 29.092777272317583)

'A',
210, 210, 0, 0, 1
(206.7921192417417, 36.6008762673661)
'C'
(200.22642536751778, 38.53792375731555)
(194.9647400727508, 39.320281744133545)
(191.1366679659351, 39.5867963515401)
(188.81821149687678, 39.74734204956955)
(187.04536643540828, 39.71708319335056)
(185.81978571047037,  39.64012240630557)
'A'
3.75, 3.75, 0,



['M'
(189.73223526391007, -10.083595676160556),
'C'
(190.955648252908, -9.967758155942404)
(192.71140017778748, -9.720310406639605)
(194.97619772006797, -9.19905479510701)
(198.71544783689228, -8.336979012608113)
(203.78996530127668, -6.741144226559581)
(209.97180360091681, -3.8008441967252873), 
'A', 210.0, 210.0, 0, 0, 1
(209.97180360091681, 3.8008441967252873), 
'C'
(203.78996530127668, 6.741144226559581)
(198.71544783689228, 8.336979012608113)
(194.97619772006797, 9.19905479510701)
(192.71140017778748, 9.720310406639605)
(190.955648252908, 9.967758155942404)
(189.73311714087825, 10.083467948964318), 
'A', 3.75, 3.75, 0, 0, 0
(187.00469730792136, 13.61958827471329), 
'A', 187.5, 187.5, 0, 0, 1
(186.83293217337985, 15.802071240734415), 
'A', 3.75, 3.75, 0, 0, 0
(188.97373850049976, 19.72121084377767)
(190.16396826495875, 20.027006168357758)
(191.85939461385212, 20.546067538362518)
(194.01476639743174, 21.415198020294127)
(197.57312177652878, 22.85160781105475)
(202.33551994919958, 25.221624647629305)
(207.9812852989737, 29.092777272317583),
'A', 210.0, 210.0, 0, 0, 1
(206.7921192417417, 36.6008762673661), 
'C'
(200.22642536751778, 38.53792375731555)
(194.9647400727508, 39.320281744133545)
(191.1366679659351, 39.5867963515401)
(188.81821149687678, 39.74734204956955)
(187.04536643540828, 39.71708319335056)
(185.81978571047037, 39.64012240630557),
'A', 3.75, 3.75, 0, 0, 0
(182.57178616173388, 42.70588832601555), 
'A', 187.5, 187.5, 0, 0, 1
(182.06072018577757, 44.83463131816754),
'A', 3.75, 3.75, 0, 0, 0
(183.56208112732617, 49.040415701795766)
(184.6898202602991, 49.52863913497012)
(186.28317400969908, 50.306533112081404)
(188.27604762799731, 51.50213758746818)
(191.56588975042925, 53.477512210271215)
(195.8989025828819, 56.5633534172204)
(200.86957750265762, 61.270038011523866),
'A', 210.0, 210.0, 0, 0, 1
(198.52052660313862, 68.49967329296027),
'C'
(191.73264632780294, 69.38577170513028)
(186.41335335714288, 69.33538864258497)
(182.5907191002485, 68.99977960075358)
(180.27569179719652, 68.79566221737379)
(178.5294069282877, 68.48844182909649)
(177.33095445535886, 68.22070549197986),
'A', 3.75, 3.75, 0, 0, 0
(173.64335171922517, 70.74062767401381),
'A', 187.5, 187.5, 0, 0, 1
(172.8055690423128, 72.76321397493696),
'A', 3.75, 3.75, 0, 0, 0
(173.63051610917785, 77.15208276942711)
(174.66799593045937, 77.81071262995032)
(176.12004342301788, 78.82828488276954)
(177.90134771358387, 80.3209236014437)
(180.8416697479364, 82.78662277718323)
(184.6386040837908, 86.51230470267215)
(188.811794060319, 91.93862707128847),
'A', 210.0, 210.0, 0, 0, 1
(185.36069974771206, 98.71178102469992),
'C'
(178.5177732113265, 98.52511167539082)
(173.27185121143225, 97.64322816169388)
(169.54878074645964, 96.71375927905697)
(167.29418626475024, 96.1500048616735)
(165.6174609174609, 95.5733877269033)
(164.47564657386036, 95.12146839690078),
'A', 3.75, 3.75, 0, 0, 0
(160.43924166814492, 97.03349799399483),
'A', 187.5, 187.5, 0, 0, 1
(159.29537128022332, 98.90012481638131),
'A', 3.75, 3.75, 0, 0, 0
(159.42359153777625, 103.3640095061926)
(160.34526585096827, 104.1768281410314)
(161.62025285834915, 105.40902266356548)
(163.14612619773914, 107.16194190648935)
(165.66452765715715, 110.05725193827229)
(168.83189037176197, 114.331035928466)
(172.10483761779705, 120.34338200574835), 
'A', 210.0, 210.0, 0, 0, 1
(167.63667728760396, 126.49327710199266),
'C'
(160.9072000518654, 125.23843641010451)
(155.86382103259135, 123.54676734416674)
(152.3319887105506, 122.0463252293452)
(150.19334264889352, 121.13681528270766)
(148.62746336600637, 120.30499962898517)
(147.5704024103381, 119.68002505983571), 
'A', 3.75, 3.75, 0, 0, 0
(143.2845850198794, 120.93708155764695), 
'A', 187.5, 187.5, 0, 0, 1
(141.86279280618746, 122.60178635415033), 
'A', 3.75, 3.75, 0, 0, 0
(141.29112904614868, 127.03077128343574)
(142.07430317079874, 127.97776440020996)
(143.140835281441, 129.39424047389497)
(144.37370560395595, 131.36427755170234)
(146.40817508641334, 134.61790629756308)
(148.8679751978608, 139.33455760674713)
(151.1600888899162, 145.78488347844024), 
'A', 210.0, 210.0, 0, 0, 1
(145.78488347844024, 151.1600888899162), 
'C'
(139.33455760674713, 148.8679751978608)
(134.61790629756308, 146.40817508641334)
(131.36427755170234, 144.37370560395595)
(129.39424047389497, 143.140835281441)
(127.97776440020996, 142.07430317079874)
(127.03148518138671, 141.29166231056647), 
'A', 3.75, 3.75, 0, 0, 0
(122.60178635415036, 141.86279280618749), 
'A', 187.5, 187.5, 0, 0, 1
(120.93708155764696, 143.28458501987942), 
'A', 3.75, 3.75, 0, 0, 0
(119.67961003903189, 147.56961388072162)
(120.30499962898517, 148.62746336600637)
(121.13681528270766, 150.19334264889352)
(122.0463252293452, 152.3319887105506)
(123.54676734416674, 155.86382103259135)
(125.23843641010451, 160.9072000518654)
(126.49327710199266, 167.63667728760396), 
'A', 210.0, 210.0, 0, 0, 1
(120.34338200574835, 172.10483761779705), 
'C'
(114.331035928466, 168.83189037176197)
(110.05725193827229, 165.66452765715715)
(107.16194190648935, 163.14612619773914)
(105.40902266356548, 161.62025285834915)
(104.1768281410314, 160.34526585096827)
(103.36463119394125, 159.42422991506822), 
'A', 3.75, 3.75, 0, 0, 0
(98.90012481638131, 159.29537128022332), 
'A', 187.5, 187.5, 0, 0, 1
(97.03349799399484, 160.4392416681449), 
'A', 3.75, 3.75, 0, 0, 0
(95.12118183890047, 164.4748028287945)
(95.5733877269033, 165.61746091746087)
(96.15000486167351, 167.2941862647502)
(96.71375927905699, 169.5487807464596)
(97.6432281616939, 173.27185121143222)
(98.52511167539083, 178.51777321132647)
(98.71178102469992, 185.36069974771203), 
'A', 210.0, 210.0, 0, 0, 1
(91.93862707128847, 188.81179406031896), 
'C'
(86.51230470267217, 184.63860408379077)
(82.78662277718324, 180.84166974793638)
(80.32092360144371, 177.90134771358385)
(78.82828488276955, 176.12004342301785)
(77.81071262995032, 174.66799593045934)
(77.15259693895779, 173.63124388037636), 
'A', 3.75, 3.75, 0, 0, 0
(72.76321397493697, 172.80556904231278), 
'A', 187.5, 187.5, 0, 0, 1
(70.74062767401382, 173.6433517192252), 
'A', 3.75, 3.75, 0, 0, 0
(68.22055445279204, 177.33007627064742)
(68.4884418290965, 178.5294069282877)
(68.79566221737379, 180.27569179719652)
(68.99977960075358, 182.5907191002485)
(69.33538864258499, 186.41335335714288)
(69.3857717051303, 191.73264632780294)
(68.49967329296028, 198.52052660313862), 
'A', 210.0, 210.0, 0, 0, 1
(61.27003801152388, 200.86957750265762), 
'C'
(56.56335341722041, 195.8989025828819)
(53.47751221027123, 191.56588975042925)
(51.502137587468184, 188.27604762799731)
(50.30653311208141, 186.28317400969908)
(49.52863913497012, 184.6898202602991)
(49.04080969254818, 183.56288037228902), 
'A', 3.75, 3.75, 0, 0, 0
(44.834631318167546, 182.06072018577754), 
'A', 187.5, 187.5, 0, 0, 1
(42.705888326015554, 182.57178616173388), 
'A', 3.75, 3.75, 0, 0, 0
(39.64011060501633, 185.81889470993542)
(39.717083193350575, 187.04536643540828)
(39.74734204956957, 188.81821149687678)
(39.586796351540116, 191.1366679659351)
(39.32028174413355, 194.9647400727508)
(38.53792375731557, 200.22642536751778)
(36.60087626736611, 206.7921192417417), 
'A', 210.0, 210.0, 0, 0, 1
(29.092777272317598, 207.9812852989737), 
'C'
(25.221624647629312, 202.33551994919958)
(22.851607811054762, 197.57312177652878)
(21.415198020294138, 194.01476639743174)
(20.54606753836253, 191.85939461385212)
(20.027006168357765, 190.16396826495875)
(19.721474954391933, 188.97458953916347), 
'A', 3.75, 3.75, 0, 0, 0
(15.802071240734426, 186.83293217337985), 
'A', 187.5, 187.5, 0, 0, 1
(13.6195882747133, 187.00469730792136), 
'A', 3.75, 3.75, 0, 0, 0
(10.08359567616057, 189.73223526391007)
(9.967758155942416, 190.955648252908)
(9.720310406639618, 192.71140017778748)
(9.199054795107022, 194.97619772006797)
(8.336979012608126, 198.71544783689228)
(6.7411442265595936, 203.78996530127668)
(3.8008441967253, 209.97180360091681), 
'A', 210.0, 210.0, 0, 0, 1
(-3.8008441967252744, 209.97180360091681), 
'C'
(-6.741144226559569, 203.78996530127668)
(-8.3369790126081, 198.71544783689228)
(-9.199054795106997, 194.97619772006797)
(-9.720310406639593, 192.71140017778748)
(-9.967758155942391, 190.955648252908)
(-10.083467948964305, 189.73311714087825), 
'A', 3.75, 3.75, 0, 0, 0
(-13.61958827471328, 187.00469730792136), 
'A', 187.5, 187.5, 0, 0, 1
(-15.802071240734405, 186.83293217337985), 
'A', 3.75, 3.75, 0, 0, 0
(-19.72121084377766, 188.97373850049976)
(-20.0270061683577, 190.16396826495875)
(-20.546067538362465, 191.85939461385212)
(-21.415198020294074, 194.01476639743174)
(-22.85160781105469, 197.57312177652878)
(-25.22162464762925, 202.33551994919958)
(-29.092777272317527, 207.98128529897366), 
'A', 210.0, 210.0, 0, 0, 1
(-36.60087626736604, 206.79211924174172), 
'C'
(-38.5379237573155, 200.22642536751778)
(-39.32028174413349, 194.9647400727508)
(-39.586796351540045, 191.1366679659351)
(-39.747342049569504, 188.81821149687678)
(-39.71708319335051, 187.04536643540828)
(-39.64012240630552, 185.81978571047037), 
'A', 3.75, 3.75, 0, 0, 0
(-42.70588832601549, 182.57178616173388), 
'A', 187.5, 187.5, 0, 0, 1
(-44.83463131816749, 182.06072018577757), 
'A', 3.75, 3.75, 0, 0, 0
(-49.04041570179571, 183.56208112732617)
(-49.528639134970106, 184.68982026029911)
(-50.30653311208139, 186.2831740096991)
(-51.50213758746816, 188.27604762799734)
(-53.47751221027121, 191.56588975042928)
(-56.56335341722039, 195.89890258288193)
(-61.27003801152385, 200.86957750265765), 'A', 210.0, 210.0, 0, 0, 1
(-68.49967329296025, 198.52052660313865), 'C'
(-69.38577170513028, 191.73264632780297)
(-69.33538864258497, 186.4133533571429)
(-68.99977960075357, 182.59071910024852)
(-68.79566221737377, 180.27569179719654)
(-68.48844182909647, 178.52940692828773)
(-68.22070549197984, 177.3309544553589), 'A', 3.75, 3.75, 0, 0, 0
(-70.74062767401381, 173.6433517192252), 'A', 187.5, 187.5, 0, 0, 1
(-72.76321397493695, 172.80556904231284), 'A', 3.75, 3.75, 0, 0, 0
(-77.1520827694271, 173.63051610917788)
(-77.81071262995032, 174.66799593045937)
(-78.82828488276954, 176.12004342301788)
(-80.3209236014437, 177.90134771358387)
(-82.78662277718323, 180.8416697479364)
(-86.51230470267215, 184.6386040837908)
(-91.93862707128847, 188.811794060319), 'A', 210.0, 210.0, 0, 0, 1
(-98.71178102469992, 185.36069974771206), 'C'
(-98.52511167539082, 178.5177732113265)
(-97.64322816169388, 173.27185121143225)
(-96.71375927905697, 169.54878074645964)
(-96.1500048616735, 167.29418626475024)
(-95.5733877269033, 165.6174609174609)
(-95.12146839690078, 164.47564657386036), 'A', 3.75, 3.75, 0, 0, 0
(-97.03349799399483, 160.43924166814492), 'A', 187.5, 187.5, 0, 0, 1
(-98.90012481638131, 159.29537128022332), 'A', 3.75, 3.75, 0, 0, 0
(-103.3640095061926, 159.42359153777625)
(-104.17682814103136, 160.34526585096827)
(-105.40902266356545, 161.62025285834915)
(-107.16194190648933, 163.14612619773914)
(-110.05725193827226, 165.66452765715715)
(-114.33103592846598, 168.83189037176197)
(-120.34338200574834, 172.10483761779705), 'A', 210.0, 210.0, 0, 0, 1
(-126.49327710199265, 167.63667728760396), 'C'
(-125.2384364101045, 160.9072000518654)
(-123.54676734416674, 155.86382103259135)
(-122.04632522934519, 152.3319887105506)
(-121.13681528270763, 150.19334264889352)
(-120.30499962898514, 148.62746336600637)
(-119.68002505983569, 147.5704024103381), 'A', 3.75, 3.75, 0, 0, 0
(-120.93708155764693, 143.2845850198794), 'A', 187.5, 187.5, 0, 0, 1
(-122.60178635415033, 141.86279280618746), 'A', 3.75, 3.75, 0, 0, 0
(-127.03077128343571, 141.29112904614868)
(-127.97776440020994, 142.07430317079874)
(-129.39424047389494, 143.140835281441)
(-131.36427755170232, 144.37370560395595)
(-134.61790629756305, 146.40817508641334)
(-139.33455760674713, 148.8679751978608)
(-145.7848834784402, 151.1600888899162), 'A', 210.0, 210.0, 0, 0, 1
(-151.16008888991618, 145.78488347844024), 'C'
(-148.8679751978608, 139.33455760674713)
(-146.4081750864133, 134.61790629756308)
(-144.37370560395593, 131.36427755170234)
(-143.14083528144099, 129.39424047389497)
(-142.07430317079871, 127.97776440020996)
(-141.29166231056644, 127.03148518138673), 'A', 3.75, 3.75, 0, 0, 0
(-141.86279280618746, 122.60178635415036), 'A', 187.5, 187.5, 0, 0, 1
(-143.2845850198794, 120.93708155764696), 'A', 3.75, 3.75, 0, 0, 0
(-147.5696138807216, 119.67961003903189)
(-148.62746336600634, 120.30499962898519)
(-150.19334264889352, 121.13681528270767)
(-152.33198871055058, 122.04632522934523)
(-155.86382103259132, 123.54676734416677)
(-160.90720005186537, 125.23843641010454)
(-167.63667728760393, 126.49327710199269), 'A', 210.0, 210.0, 0, 0, 1
(-172.10483761779702, 120.34338200574838), 'C'
(-168.83189037176194, 114.33103592846602)
(-165.66452765715712, 110.05725193827232)
(-163.1461261977391, 107.16194190648937)
(-161.62025285834915, 105.4090226635655)
(-160.34526585096825, 104.17682814103141)
(-159.4242299150682, 103.36463119394126), 'A', 3.75, 3.75, 0, 0, 0
(-159.29537128022332, 98.90012481638134), 'A', 187.5, 187.5, 0, 0, 1
(-160.4392416681449, 97.03349799399487), 'A', 3.75, 3.75, 0, 0, 0
(-164.4748028287945, 95.1211818389005)
(-165.61746091746087, 95.57338772690332)
(-167.2941862647502, 96.15000486167352)
(-169.5487807464596, 96.713759279057)
(-173.27185121143222, 97.64322816169391)
(-178.51777321132647, 98.52511167539085)
(-185.36069974771203, 98.71178102469993), 'A', 210.0, 210.0, 0, 0, 1
(-188.81179406031896, 91.93862707128848), 'C'
(-184.63860408379077, 86.51230470267218)
(-180.84166974793638, 82.78662277718325)
(-177.90134771358385, 80.32092360144372)
(-176.12004342301785, 78.82828488276957)
(-174.66799593045934, 77.81071262995033)
(-173.63124388037636, 77.1525969389578), 'A', 3.75, 3.75, 0, 0, 0
(-172.80556904231278, 72.76321397493697), 'A', 187.5, 187.5, 0, 0, 1
(-173.6433517192252, 70.74062767401384), 'A', 3.75, 3.75, 0, 0, 0
(-177.33007627064742, 68.22055445279204)
(-178.5294069282877, 68.48844182909652)
(-180.27569179719652, 68.7956622173738)
(-182.5907191002485, 68.9997796007536)
(-186.41335335714288, 69.335388642585)
(-191.73264632780294, 69.38577170513031)
(-198.52052660313862, 68.4996732929603), 'A', 210.0, 210.0, 0, 0, 1
(-200.86957750265762, 61.270038011523894), 'C'
(-195.8989025828819, 56.56335341722042)
(-191.56588975042925, 53.477512210271236)
(-188.27604762799731, 51.5021375874682)
(-186.28317400969908, 50.306533112081425)
(-184.6898202602991, 49.528639134970135)
(-183.56288037228902, 49.040809692548194), 'A', 3.75, 3.75, 0, 0, 0
(-182.06072018577754, 44.83463131816755), 'A', 187.5, 187.5, 0, 0, 1
(-182.57178616173388, 42.70588832601557), 'A', 3.75, 3.75, 0, 0, 0
(-185.81889470993542, 39.64011060501634)
(-187.04536643540825, 39.71708319335058)
(-188.81821149687676, 39.74734204956958)
(-191.13666796593506, 39.58679635154012)
(-194.96474007275077, 39.32028174413357)
(-200.22642536751775, 38.537923757315575)
(-206.7921192417417, 36.600876267366125), 'A', 210.0, 210.0, 0, 0, 1
(-207.9812852989737, 29.092777272317612), 'C'
(-202.33551994919955, 25.221624647629326)
(-197.57312177652875, 22.85160781105477)
(-194.0147663974317, 21.41519802029415)
(-191.8593946138521, 20.54606753836254)
(-190.16396826495873, 20.02700616835778)
(-188.97458953916345, 19.721474954391944), 'A', 3.75, 3.75, 0, 0, 0
(-186.83293217337985, 15.802071240734438), 'A', 187.5, 187.5, 0, 0, 1
(-187.00469730792133, 13.619588274713312), 'A', 3.75, 3.75, 0, 0, 0
(-189.73223526391004, 10.08359567616058)
(-190.955648252908, 9.967758155942427)
(-192.71140017778748, 9.720310406639628)
(-194.97619772006797, 9.199054795107033)
(-198.71544783689228, 8.336979012608138)
(-203.78996530127668, 6.741144226559606)
(-209.97180360091681, 3.800844196725313), 'A', 210.0, 210.0, 0, 0, 1
(-209.97180360091681, -3.8008441967252615), 'C'
(-203.78996530127668, -6.741144226559556)
(-198.71544783689228, -8.336979012608088)
(-194.97619772006797, -9.199054795106987)
(-192.71140017778748, -9.720310406639582)
(-190.955648252908, -9.96775815594238)
(-189.73311714087825, -10.083467948964294), 'A', 3.75, 3.75, 0, 0, 0
(-187.00469730792136, -13.619588274713267), 'A', 187.5, 187.5, 0, 0, 1
(-186.83293217337985, -15.802071240734392), 'A', 3.75, 3.75, 0, 0, 0
(-188.97373850049976, -19.721210843777644)
(-190.16396826495875, -20.02700616835773)
(-191.85939461385212, -20.54606753836249)
(-194.01476639743174, -21.4151980202941)
(-197.57312177652878, -22.85160781105472)
(-202.33551994919958, -25.221624647629277)
(-207.98128529897366, -29.092777272317555), 'A', 210.0, 210.0, 0, 0, 1
(-206.79211924174172, -36.60087626736607), 'C'
(-200.22642536751778, -38.537923757315525)
(-194.9647400727508, -39.32028174413352)
(-191.1366679659351, -39.58679635154007)
(-188.81821149687678, -39.747342049569525)
(-187.04536643540828, -39.71708319335053)
(-185.81978571047037, -39.640122406305544), 'A', 3.75, 3.75, 0, 0, 0
(-182.57178616173388, -42.70588832601552), 'A', 187.5, 187.5, 0, 0, 1
(-182.06072018577757, -44.83463131816751), 'A', 3.75, 3.75, 0, 0, 0
(-183.56208112732617, -49.04041570179574)
(-184.68982026029914, -49.528639134970014)
(-186.2831740096991, -50.3065331120813)
(-188.27604762799734, -51.50213758746808)
(-191.5658897504293, -53.477512210271115)
(-195.89890258288193, -56.5633534172203)
(-200.86957750265768, -61.270038011523766), 'A', 210.0, 210.0, 0, 0, 1
(-198.52052660313868, -68.49967329296017), 'C'
(-191.73264632780297, -69.38577170513018)
(-186.41335335714294, -69.33538864258487)
(-182.59071910024852, -68.99977960075348)
(-180.27569179719654, -68.79566221737369)
(-178.52940692828776, -68.48844182909639)
(-177.33095445535892, -68.22070549197976), 'A', 3.75, 3.75, 0, 0, 0
(-173.64335171922525, -70.74062767401372), 'A', 187.5, 187.5, 0, 0, 1
(-172.80556904231284, -72.76321397493686), 'A', 3.75, 3.75, 0, 0, 0
(-173.6305161091779, -77.15208276942703)
(-174.66799593045937, -77.81071262995029)
(-176.12004342301788, -78.82828488276952)
(-177.90134771358387, -80.32092360144367)
(-180.8416697479364, -82.78662277718321)
(-184.6386040837908, -86.51230470267214)
(-188.811794060319, -91.93862707128844), 'A', 210.0, 210.0, 0, 0, 1
(-185.36069974771206, -98.71178102469989), 'C'
(-178.5177732113265, -98.5251116753908)
(-173.27185121143225, -97.64322816169387)
(-169.54878074645964, -96.71375927905694)
(-167.29418626475024, -96.15000486167348)
(-165.6174609174609, -95.57338772690328)
(-164.47564657386036, -95.12146839690077), 'A', 3.75, 3.75, 0, 0, 0
(-160.43924166814492, -97.0334979939948), 'A', 187.5, 187.5, 0, 0, 1
(-159.29537128022335, -98.90012481638128), 'A', 3.75, 3.75, 0, 0, 0
(-159.42359153777625, -103.36400950619257)
(-160.34526585096827, -104.17682814103136)
(-161.62025285834915, -105.40902266356545)
(-163.14612619773914, -107.16194190648933)
(-165.66452765715715, -110.05725193827226)
(-168.83189037176197, -114.33103592846598)
(-172.10483761779705, -120.34338200574834), 'A', 210.0, 210.0, 0, 0, 1
(-167.63667728760396, -126.49327710199265), 'C'
(-160.9072000518654, -125.2384364101045)
(-155.86382103259135, -123.54676734416674)
(-152.3319887105506, -122.04632522934519)
(-150.19334264889352, -121.13681528270763)
(-148.62746336600637, -120.30499962898514)
(-147.5704024103381, -119.68002505983569), 'A', 3.75, 3.75, 0, 0, 0
(-143.2845850198794, -120.93708155764693), 'A', 187.5, 187.5, 0, 0, 1
(-141.86279280618746, -122.60178635415033), 'A', 3.75, 3.75, 0, 0, 0
(-141.29112904614868, -127.03077128343571)
(-142.07430317079877, -127.97776440020994)
(-143.140835281441, -129.39424047389494)
(-144.37370560395595, -131.36427755170232)
(-146.40817508641334, -134.61790629756305)
(-148.8679751978608, -139.33455760674713)
(-151.16008888991624, -145.7848834784402), 'A', 210.0, 210.0, 0, 0, 1
(-145.78488347844026, -151.16008888991618), 'C'
(-139.33455760674718, -148.8679751978608)
(-134.61790629756308, -146.4081750864133)
(-131.36427755170234, -144.37370560395593)
(-129.39424047389497, -143.14083528144099)
(-127.97776440020999, -142.07430317079871)
(-127.03148518138676, -141.29166231056644), 'A', 3.75, 3.75, 0, 0, 0
(-122.60178635415036, -141.86279280618746), 'A', 187.5, 187.5, 0, 0, 1
(-120.93708155764699, -143.2845850198794), 'A', 3.75, 3.75, 0, 0, 0
(-119.67961003903191, -147.5696138807216)
(-120.30499962898519, -148.62746336600634)
(-121.13681528270767, -150.19334264889352)
(-122.04632522934523, -152.33198871055058)
(-123.54676734416677, -155.86382103259132)
(-125.23843641010454, -160.90720005186537)
(-126.49327710199269, -167.63667728760393), 'A', 210.0, 210.0, 0, 0, 1
(-120.34338200574838, -172.10483761779702), 'C'
(-114.33103592846602, -168.83189037176194)
(-110.05725193827232, -165.66452765715712)
(-107.16194190648937, -163.1461261977391)
(-105.4090226635655, -161.62025285834915)
(-104.17682814103141, -160.34526585096825)
(-103.36463119394126, -159.4242299150682), 'A', 3.75, 3.75, 0, 0, 0
(-98.90012481638134, -159.29537128022332), 'A', 187.5, 187.5, 0, 0, 1
(-97.03349799399487, -160.4392416681449), 'A', 3.75, 3.75, 0, 0, 0
(-95.1211818389005, -164.4748028287945)
(-95.57338772690333, -165.61746091746087)
(-96.15000486167352, -167.2941862647502)
(-96.713759279057, -169.5487807464596)
(-97.64322816169393, -173.27185121143222)
(-98.52511167539086, -178.51777321132647)
(-98.71178102469995, -185.36069974771203), 'A', 210.0, 210.0, 0, 0, 1
(-91.9386270712885, -188.81179406031896), 'C'
(-86.5123047026722, -184.63860408379077)
(-82.78662277718327, -180.84166974793638)
(-80.32092360144372, -177.90134771358385)
(-78.82828488276957, -176.12004342301785)
(-77.81071262995034, -174.66799593045934)
(-77.1525969389578, -173.63124388037636), 'A', 3.75, 3.75, 0, 0, 0
(-72.76321397493699, -172.80556904231278), 'A', 187.5, 187.5, 0, 0, 1
(-70.74062767401385, -173.6433517192252), 'A', 3.75, 3.75, 0, 0, 0
(-68.22055445279206, -177.33007627064742)
(-68.48844182909652, -178.5294069282877)
(-68.79566221737382, -180.27569179719652)
(-68.99977960075361, -182.5907191002485)
(-69.33538864258502, -186.41335335714288)
(-69.38577170513032, -191.73264632780294)
(-68.49967329296031, -198.52052660313862), 'A', 210.0, 210.0, 0, 0, 1
(-61.27003801152391, -200.86957750265762), 'C'
(-56.56335341722043, -195.8989025828819)
(-53.47751221027125, -191.56588975042925)
(-51.502137587468205, -188.27604762799731)
(-50.30653311208143, -186.28317400969908)
(-49.52863913497015, -184.6898202602991)
(-49.0408096925482, -183.56288037228902), 'A', 3.75, 3.75, 0, 0, 0
(-44.83463131816757, -182.06072018577754), 'A', 187.5, 187.5, 0, 0, 1
(-42.70588832601557, -182.57178616173388), 'A', 3.75, 3.75, 0, 0, 0
(-39.64011060501635, -185.81889470993542)
(-39.71708319335059, -187.04536643540825)
(-39.74734204956959, -188.81821149687676)
(-39.58679635154013, -191.13666796593506)
(-39.320281744133574, -194.96474007275077)
(-38.53792375731559, -200.22642536751775)
(-36.60087626736613, -206.7921192417417), 'A', 210.0, 210.0, 0, 0, 1
(-29.09277727231762, -207.9812852989737), 'C'
(-25.221624647629337, -202.33551994919955)
(-22.851607811054784, -197.57312177652875)
(-21.41519802029416, -194.0147663974317)
(-20.54606753836255, -191.8593946138521)
(-20.02700616835779, -190.16396826495873)
(-19.721474954391958, -188.97458953916345), 'A', 3.75, 3.75, 0, 0, 0
(-15.802071240734449, -186.83293217337985), 'A', 187.5, 187.5, 0, 0, 1
(-13.619588274713323, -187.00469730792133), 'A', 3.75, 3.75, 0, 0, 0
(-10.083595676160591, -189.73223526391004)
(-9.96775815594244, -190.955648252908)
(-9.72031040663964, -192.71140017778748)
(-9.199054795107045, -194.97619772006797)
(-8.33697901260815, -198.71544783689228)
(-6.741144226559618, -203.78996530127668)
(-3.800844196725326, -209.97180360091681), 'A', 210.0, 210.0, 0, 0, 1
(3.8008441967252486, -209.97180360091681), 'C'
(6.741144226559544, -203.78996530127668)
(8.336979012608076, -198.71544783689228)
(9.199054795106974, -194.97619772006797)
(9.72031040663957, -192.71140017778748)
(9.967758155942368, -190.955648252908)
(10.083467948964282, -189.73311714087825), 'A', 3.75, 3.75, 0, 0, 0
(13.619588274713257, -187.00469730792136), 'A', 187.5, 187.5, 0, 0, 1
(15.802071240734382, -186.83293217337985), 'A', 3.75, 3.75, 0, 0, 0
(19.721210843777634, -188.97373850049976)
(20.027006168357715, -190.16396826495875)
(20.54606753836248, -191.85939461385212)
(21.41519802029409, -194.01476639743174)
(22.851607811054713, -197.57312177652878)
(25.221624647629262, -202.33551994919958)
(29.092777272317548, -207.98128529897366), 'A', 210.0, 210.0, 0, 0, 1
(36.60087626736606, -206.79211924174172), 'C'
(38.53792375731552, -200.22642536751778)
(39.3202817441335, -194.9647400727508)
(39.58679635154006, -191.1366679659351)
(39.74734204956952, -188.81821149687678)
(39.717083193350526, -187.04536643540828)
(39.64012240630554, -185.81978571047037), 'A', 3.75, 3.75, 0, 0, 0
(42.70588832601551, -182.57178616173388), 'A', 187.5, 187.5, 0, 0, 1
(44.8346313181675, -182.06072018577757), 'A', 3.75, 3.75, 0, 0, 0
(49.04041570179572, -183.56208112732617)
(49.52863913497008, -184.68982026029911)
(50.30653311208137, -186.2831740096991)
(51.50213758746814, -188.27604762799734)
(53.47751221027118, -191.56588975042928)
(56.56335341722036, -195.89890258288193)
(61.27003801152384, -200.86957750265765), 'A', 210.0, 210.0, 0, 0, 1
(68.49967329296024, -198.52052660313865), 'C'
(69.38577170513025, -191.73264632780297)
(69.33538864258495, -186.4133533571429)
(68.99977960075354, -182.59071910024852)
(68.79566221737375, -180.27569179719654)
(68.48844182909646, -178.52940692828773)
(68.22070549197981, -177.3309544553589), 'A', 3.75, 3.75, 0, 0, 0
(70.7406276740138, -173.6433517192252), 'A', 187.5, 187.5, 0, 0, 1
(72.76321397493692, -172.80556904231284), 'A', 3.75, 3.75, 0, 0, 0
(77.15208276942708, -173.63051610917788)
(77.81071262995029, -174.6679959304594)
(78.82828488276952, -176.12004342301788)
(80.32092360144367, -177.90134771358387)
(82.78662277718321, -180.84166974793644)
(86.51230470267214, -184.6386040837908)
(91.93862707128844, -188.81179406031902), 'A', 210.0, 210.0, 0, 0, 1
(98.71178102469989, -185.3606997477121), 'C'
(98.5251116753908, -178.5177732113265)
(97.64322816169387, -173.27185121143228)
(96.71375927905694, -169.54878074645964)
(96.15000486167348, -167.29418626475024)
(95.57338772690328, -165.61746091746093)
(95.12146839690077, -164.4756465738604), 'A', 3.75, 3.75, 0, 0, 0
(97.03349799399481, -160.43924166814492), 'A', 187.5, 187.5, 0, 0, 1
(98.90012481638128, -159.29537128022338), 'A', 3.75, 3.75, 0, 0, 0
(103.36400950619259, -159.42359153777628)
(104.17682814103135, -160.34526585096827)
(105.40902266356542, -161.62025285834918)
(107.1619419064893, -163.14612619773916)
(110.05725193827223, -165.66452765715718)
(114.33103592846595, -168.83189037176197)
(120.34338200574831, -172.10483761779705), 'A', 210.0, 210.0, 0, 0, 1
(126.49327710199262, -167.63667728760396), 'C'
(125.23843641010447, -160.90720005186546)
(123.54676734416671, -155.86382103259137)
(122.04632522934516, -152.33198871055063)
(121.13681528270763, -150.19334264889355)
(120.30499962898513, -148.62746336600637)
(119.68002505983567, -147.5704024103381), 'A', 3.75, 3.75, 0, 0, 0
(120.9370815576469, -143.28458501987942), 'A', 187.5, 187.5, 0, 0, 1
(122.6017863541503, -141.86279280618749), 'A', 3.75, 3.75, 0, 0, 0
(127.0307712834357, -141.2911290461487)
(127.97776440020994, -142.07430317079877)
(129.3942404738949, -143.140835281441)
(131.3642775517023, -144.37370560395595)
(134.61790629756302, -146.40817508641334)
(139.3345576067471, -148.8679751978608)
(145.7848834784402, -151.16008888991624), 'A', 210.0, 210.0, 0, 0, 1
(151.16008888991618, -145.78488347844026), 'C'
(148.86797519786077, -139.33455760674718)
(146.40817508641328, -134.61790629756308)
(144.3737056039559, -131.36427755170234)
(143.14083528144096, -129.39424047389497)
(142.07430317079871, -127.97776440020999)
(141.2916623105664, -127.03148518138676), 'A', 3.75, 3.75, 0, 0, 0
(141.86279280618743, -122.60178635415036), 'A', 187.5, 187.5, 0, 0, 1
(143.28458501987936, -120.93708155764699), 'A', 3.75, 3.75, 0, 0, 0
(147.5696138807216, -119.67961003903191)
(148.62746336600634, -120.30499962898521)
(150.19334264889352, -121.1368152827077)
(152.33198871055058, -122.04632522934523)
(155.86382103259132, -123.54676734416678)
(160.90720005186537, -125.23843641010457)
(167.63667728760393, -126.4932771019927), 'A', 210.0, 210.0, 0, 0, 1
(172.10483761779702, -120.3433820057484), 'C'
(168.83189037176194, -114.33103592846605)
(165.66452765715712, -110.05725193827233)
(163.1461261977391, -107.1619419064894)
(161.62025285834915, -105.40902266356552)
(160.34526585096825, -104.17682814103144)
(159.4242299150682, -103.36463119394129), 'A', 3.75, 3.75, 0, 0, 0
(159.29537128022332, -98.90012481638135), 'A', 187.5, 187.5, 0, 0, 1
(160.4392416681449, -97.03349799399489), 'A', 3.75, 3.75, 0, 0, 0
(164.4748028287945, -95.1211818389005)
(165.61746091746087, -95.57338772690335)
(167.29418626475018, -96.15000486167354)
(169.5487807464596, -96.71375927905702)
(173.27185121143222, -97.64322816169394)
(178.51777321132647, -98.52511167539087)
(185.36069974771203, -98.71178102469996), 'A', 210.0, 210.0, 0, 0, 1
(188.81179406031896, -91.93862707128851), 'C'
(184.63860408379077, -86.51230470267221)
(180.84166974793638, -82.78662277718328)
(177.90134771358385, -80.32092360144374)
(176.12004342301788, -78.82828488276958)
(174.66799593045934, -77.81071262995036)
(173.63124388037636, -77.15259693895781), 'A', 3.75, 3.75, 0, 0, 0
(172.80556904231278, -72.763213974937), 'A', 187.5, 187.5, 0, 0, 1
(173.6433517192252, -70.74062767401385), 'A', 3.75, 3.75, 0, 0, 0
(177.33007627064742, -68.22055445279207)
(178.5294069282877, -68.48844182909654)
(180.27569179719652, -68.79566221737383)
(182.5907191002485, -68.99977960075363)
(186.41335335714288, -69.33538864258503)
(191.73264632780294, -69.38577170513034)
(198.52052660313862, -68.49967329296032), 'A', 210.0, 210.0, 0, 0, 1
(200.86957750265762, -61.27003801152392), 'C'
(195.8989025828819, -56.563353417220455)
(191.56588975042925, -53.47751221027127)
(188.27604762799731, -51.502137587468226)
(186.28317400969908, -50.30653311208145)
(184.6898202602991, -49.52863913497016)
(183.56288037228902, -49.04080969254822), 'A', 3.75, 3.75, 0, 0, 0
(182.06072018577754, -44.83463131816759), 'A', 187.5, 187.5, 0, 0, 1
(182.57178616173388, -42.7058883260156), 'A', 3.75, 3.75, 0, 0, 0
(185.81889470993542, -39.640110605016375)
(187.04536643540823, -39.717083193350604)
(188.81821149687676, -39.747342049569596)
(191.13666796593506, -39.586796351540144)
(194.96474007275077, -39.32028174413359)
(200.22642536751775, -38.5379237573156)
(206.7921192417417, -36.60087626736615), 'A', 210.0, 210.0, 0, 0, 1
(207.9812852989737, -29.092777272317633), 'C'
(202.33551994919955, -25.22162464762935)
(197.57312177652875, -22.85160781105479)
(194.0147663974317, -21.41519802029417)
(191.8593946138521, -20.54606753836256)
(190.16396826495875, -20.0270061683578)
(188.97458953916345, -19.721474954391965), 'A', 3.75, 3.75, 0, 0, 0
(186.83293217337985, -15.80207124073446), 'A', 187.5, 187.5, 0, 0, 1
(187.00469730792133, -13.619588274713333), 'A', 3.75, 3.75, 0, 0, 0
(189.73223526391004, -10.083595676160602), 'Z'
('M', -60, 0, 'a', 60, 60, 0, 1, 0, 120, 0, 'a', 60, 60, 0, 1, 0, -120, 0, 'z'))